0.061583             0.0                  0.011812             0.035001             0.0008               0.00145              0.000811             0.0                  6.6e-05              0.002456             0.003441             0.001855             
0.104328             0.0                  0.021683             0.058298             0.003099             0.004131             0.002503             0.0                  0.00013              0.006104             0.010596             0.003223             
0.142602             0.0                  0.029933             0.082645             0.004446             0.006332             0.003122             0.0                  0.000122             0.010229             0.011899             0.002524             
0.193077             8e-06                0.044542             0.11639              0.00453              0.008337             0.004202             0.0                  0.000119             0.012981             0.011664             0.001554             
0.232008             0.0                  0.059345             0.139649             0.004334             0.009653             0.004637             0.0                  0.000134             0.015629             0.011526             0.003601             
0.030925             0.0                  0.005668             0.01677              0.000729             0.001146             0.000539             0.0                  3.6e-05              0.001354             0.002416             0.000784             
0.032766             0.0                  0.005316             0.017335             0.001065             0.001307             0.000978             0.0                  6.1e-05              0.001395             0.002601             0.003149             
0.031115             0.0                  0.004262             0.01606              0.00113              0.001322             0.001017             0.0                  5.9e-05              0.00142              0.002956             0.00174              
0.028119             0.0                  0.003218             0.013853             0.001071             0.001281             0.001022             0.0                  7.7e-05              0.001551             0.003344             0.003                
0.029349             0.0                  0.002948             0.014059             0.001205             0.001355             0.001034             0.0                  8.5e-05              0.001468             0.00296              0.002872             
0.024749             0.0                  0.002201             0.011282             0.000939             0.001234             0.001034             0.0                  8.8e-05              0.001394             0.00275              0.004595             
0.027082             0.0                  0.002361             0.012179             0.001078             0.001446             0.001084             0.0                  0.000105             0.001601             0.002901             0.003855             
0.024667             0.0                  0.002038             0.010762             0.000945             0.001345             0.00108              0.0                  0.000108             0.001738             0.002861             0.003736             
0.024399             0.0                  0.001963             0.010491             0.00093              0.001379             0.001059             0.0                  0.000108             0.001478             0.002672             0.003722             
0.12267              0.0                  0.012894             0.09039              0.002973             0.001902             0.00122              0.0                  0.000145             0.003288             0.016283             0.002113             
0.185255             2e-06                0.023249             0.13507              0.004531             0.00444              0.002606             0.0                  0.00015              0.008539             0.023878             0.003007             
0.270329             0.0                  0.03413              0.200874             0.006979             0.006936             0.003379             0.0                  0.000145             0.010566             0.04384              0.006801             
0.411638             1.4e-05              0.051885             0.316617             0.009467             0.009708             0.004734             0.0                  0.000147             0.017413             0.106437             0.003336             
0.536486             3e-06                0.069242             0.419981             0.011249             0.011194             0.005208             0.0                  0.000146             0.019636             0.119833             0.002878             
0.054842             0.0                  0.00589              0.039295             0.001311             0.001329             0.000736             0.0                  7e-05                0.001649             0.004377             0.004789             
0.057189             1e-06                0.005554             0.040871             0.001534             0.001374             0.000985             0.0                  0.000147             0.002792             0.010548             0.00669              
0.055453             0.0                  0.004197             0.04031              0.001628             0.001306             0.000975             0.0                  9.1e-05              0.001932             0.00921              0.005813             
0.052576             0.0                  0.003217             0.037636             0.001646             0.001296             0.001001             0.0                  9.1e-05              0.001728             0.012395             0.003852             
0.049702             0.0                  0.002667             0.03539              0.001646             0.001267             0.001019             0.0                  0.000137             0.001995             0.014194             0.003052             
0.0462               1e-06                0.002206             0.032084             0.001501             0.00126              0.00103              0.0                  8.3e-05              0.001608             0.014498             0.008005             
0.046971             0.0                  0.002226             0.032391             0.001531             0.001369             0.000928             0.0                  9e-05                0.001671             0.014628             0.003495             
0.044713             0.0                  0.002099             0.030418             0.00149              0.001302             0.000885             0.0                  0.000101             0.001883             0.018189             0.003627             
0.042046             0.0                  0.001805             0.028426             0.001387             0.001265             0.001038             0.0                  9.7e-05              0.00172              0.015248             0.007593             
0.089199             0.0                  0.012921             0.058358             0.001773             0.001912             0.001024             0.0                  0.000124             0.00329              0.011422             0.002786             
0.167945             0.0                  0.021713             0.11966              0.004237             0.004372             0.002517             0.0                  0.000195             0.006593             0.037642             0.004527             
0.318161             0.0                  0.029628             0.253523             0.007058             0.006243             0.003264             0.0                  0.000221             0.010943             0.079789             0.012853             
0.660061             2.3e-05              0.045748             0.570028             0.010412             0.008751             0.004445             0.0                  0.000296             0.017197             0.133283             0.015936             
1.127263             2.7e-05              0.075645             0.99735              0.013793             0.011358             0.005352             1e-06                0.000343             0.036458             0.209487             0.019867             
0.042689             0.0                  0.005908             0.027473             0.001096             0.001303             0.000684             0.0                  5.5e-05              0.00167              0.007533             0.003932             
0.040854             0.0                  0.005259             0.025581             0.001226             0.001337             0.000874             0.0                  7.7e-05              0.002236             0.010792             0.002755             
0.037473             0.0                  0.004071             0.022936             0.001315             0.001327             0.000837             0.0                  7.6e-05              0.001791             0.010108             0.007194             
0.035798             0.0                  0.003264             0.021173             0.001297             0.001349             0.00103              0.0                  0.000119             0.00195              0.010425             0.005591             
0.033503             0.0                  0.002622             0.019177             0.001197             0.001335             0.001034             0.0                  0.000107             0.001838             0.01133              0.009769             
0.030704             0.0                  0.002185             0.017101             0.001077             0.001358             0.000975             0.0                  0.000115             0.001783             0.012045             0.007678             
0.029854             0.0                  0.002052             0.016736             0.000978             0.001228             0.000754             0.0                  0.000129             0.001961             0.013486             0.008743             
0.03423              0.0                  0.002475             0.018606             0.001228             0.001552             0.001157             0.0                  0.000229             0.004376             0.019808             0.00848              
0.032668             9e-06                0.002591             0.016637             0.001087             0.001659             0.001139             0.0                  0.000201             0.003772             0.016945             0.011545             
20.956109            0.001185             0.041003             20.842295            0.012782             0.011367             0.004284             0.002702             0.000225             0.006095             0.149449             0.007339             
21.547841            0.001129             0.062422             21.396808            0.014642             0.015143             0.006094             0.004936             0.000227             0.009975             0.298065             0.00485              
22.249392            0.00135              0.083474             22.061672            0.017697             0.01979              0.007476             0.005566             0.000247             0.014559             0.469174             0.00981              
23.787518            0.001943             0.114462             23.558911            0.020733             0.023554             0.008528             0.005482             0.000248             0.019204             0.753418             0.011489             
25.082607            0.00215              0.144853             24.814497            0.024042             0.025819             0.009508             0.005794             0.000323             0.024792             1.072958             0.008657             
10.539668            0.000213             0.022188             10.477203            0.00804              0.007401             0.002231             3.7e-05              0.0001               0.003571             0.068636             0.004283             
10.309677            0.000342             0.019569             10.248582            0.007498             0.007086             0.002261             0.001222             0.000116             0.003527             0.097631             0.00251              
10.35919             0.000294             0.017867             10.298741            0.006651             0.007213             0.00243              0.000802             0.000154             0.004521             0.121493             0.006819             
10.300345            0.000412             0.015976             10.239833            0.007274             0.007205             0.002449             0.001146             0.000165             0.004616             0.1657               0.00516              
10.138744            0.00034              0.014841             10.079421            0.006711             0.007163             0.002468             0.001308             0.000177             0.004723             0.173342             0.006259             
9.726523             0.000241             0.013606             9.669446             0.0064               0.007008             0.002479             0.000893             0.000187             0.004664             0.189724             0.010066             
9.617657             0.000283             0.013421             9.561321             0.006041             0.007073             0.002516             0.000828             0.000205             0.004455             0.207398             0.00764              
9.334528             0.000242             0.012859             9.278083             0.006722             0.006864             0.002463             0.000798             0.000165             0.003808             0.211873             0.007458             
9.213306             0.000215             0.012403             9.157355             0.006593             0.006878             0.002455             0.001182             0.000188             0.003835             0.219572             0.010865             
